3.910000000000000000e+02 0.000000000000000000e+00 0.000000000000000000e+00
3.920000000000000000e+02 4.261301822685657770e-02 6.639045245180602919e-03
3.930000000000000000e+02 1.198219157447235894e-01 1.777607585770106177e-02
3.940000000000000000e+02 1.528277570421945897e-01 1.987829631110311218e-02
3.950000000000000000e+02 2.856042981237551515e-01 2.833469977037445311e-02
3.960000000000000000e+02 6.433628466701256654e-01 2.726685780027416489e-02
3.970000000000000000e+02 6.671632048471053400e-01 2.824432562481327819e-02
3.980000000000000000e+02 6.762515272733359284e-01 2.889455279926684064e-02
3.990000000000000000e+02 6.714981505347549229e-01 2.883715547256936879e-02
4.000000000000000000e+02 6.559325154401057789e-01 2.935177854003957060e-02
4.010000000000000000e+02 6.224580313655915242e-01 3.073981381280780842e-02
4.020000000000000000e+02 5.775352737375935019e-01 3.011461094770657640e-02
4.030000000000000000e+02 5.508728471722429409e-01 2.438077982572727301e-02
4.040000000000000000e+02 2.116424255611160377e-01 1.675016758868506581e-02
4.050000000000000000e+02 9.213851741510034610e-02 1.440895841623163892e-02
4.060000000000000000e+02 1.265502870437009431e-01 1.282398303711745902e-02
4.070000000000000000e+02 1.445595594757895785e-01 1.365118291596638563e-02
4.080000000000000000e+02 1.824694126901769131e-01 1.562739843721088970e-02
4.090000000000000000e+02 2.996301069509766379e-01 2.461469229519221494e-02
4.100000000000000000e+02 3.512477613938775334e-01 2.750008035778095730e-02
4.110000000000000000e+02 3.302759971211943757e-01 2.636172483071102038e-02
4.120000000000000000e+02 3.059065727149480329e-01 2.497601364231909205e-02
4.130000000000000000e+02 2.321120725726814604e-01 2.075719136153876543e-02
4.140000000000000000e+02 1.316886203491388629e-01 1.909183001576349875e-02
4.150000000000000000e+02 9.722663899442650359e-02 1.623368433946285883e-02
4.160000000000000000e+02 6.509113428289287073e-02 1.395168981234229215e-02
4.170000000000000000e+02 3.908146015699533182e-02 9.441687838857636822e-03
4.180000000000000000e+02 2.676285001757410312e-02 9.014671235153336182e-03
4.190000000000000000e+02 6.560998878604783723e-03 5.940036098730469864e-04
4.200000000000000000e+02 2.013490217082029160e-02 5.928618845870811845e-03
4.210000000000000000e+02 3.004334945687649541e-02 7.051702892214804612e-03
4.220000000000000000e+02 2.468743200495422327e-02 7.066841742316357609e-03
4.230000000000000000e+02 1.338979362980568036e-02 5.842651900860936984e-03
4.240000000000000000e+02 0.000000000000000000e+00 0.000000000000000000e+00
4.250000000000000000e+02 4.445411485095485810e-02 1.084406052226916453e-02
4.260000000000000000e+02 5.792759469094682645e-02 1.146092004098583049e-02
4.270000000000000000e+02 1.114198202420205175e-01 1.839887296562199917e-02
4.280000000000000000e+02 1.090431318727300147e-01 1.854136892456494795e-02
4.290000000000000000e+02 1.148342176176209706e-01 1.850394711516105406e-02
4.300000000000000000e+02 1.570288047935461118e-01 2.326660636589585052e-02
4.310000000000000000e+02 3.364687766749794862e-01 2.848853053304005109e-02
4.320000000000000000e+02 4.249083635998460173e-01 2.758009502946470390e-02
4.330000000000000000e+02 6.270607729258372842e-01 3.690898585353782207e-02
4.340000000000000000e+02 6.263912832443470080e-01 2.557842785068157460e-02
4.350000000000000000e+02 6.109260716019214721e-01 2.374604895001248758e-02
4.360000000000000000e+02 5.378345356252196563e-01 2.272352884081843896e-02
4.370000000000000000e+02 3.007180276833983368e-01 2.040460136787410061e-02
4.380000000000000000e+02 1.586188427870855455e-01 1.001057316267407044e-02
4.390000000000000000e+02 5.334159037273838305e-02 6.334286143830505401e-03
4.400000000000000000e+02 1.230856779419887137e-01 1.150998726236844225e-02
4.410000000000000000e+02 2.155422029557969577e-01 1.402010336024389278e-02
4.420000000000000000e+02 2.158267360704303195e-01 1.441983621314277958e-02
4.430000000000000000e+02 1.822350913016552998e-01 1.586144242264876658e-02
4.440000000000000000e+02 1.443252380872679930e-01 9.287031505059700071e-03
4.450000000000000000e+02 5.595260013055048526e-02 5.055402274609197867e-03
4.460000000000000000e+02 0.000000000000000000e+00 0.000000000000000000e+00
