5.000000000000000000e-01 0.000000000000000000e+00 -1.404980087429747171e-01
1.500000000000000000e+00 7.439163050225989782e-01 -5.409063684625878971e-02
2.500000000000000000e+00 9.247183759633990086e-01 -8.405708413880863539e-02
3.500000000000000000e+00 7.239410594646336072e-01 -9.313742736796198907e-02
4.500000000000000000e+00 8.786241205779135033e-01 -8.055124487742416906e-02
5.500000000000000000e+00 6.085051673163281993e-01 -2.167963775564472617e-01
6.500000000000000000e+00 2.620103617047222500e-01 -1.767578310131322494e-01
7.500000000000000000e+00 4.733024786155628494e-01 -8.103046982164191503e-02
8.500000000000000000e+00 4.777582185357751587e-01 -1.105335901268632709e-01
9.500000000000000000e+00 4.125545476068126494e-01 -1.299233918085033190e-01
1.050000000000000000e+01 3.584576651982815942e-01 -2.123092221528214141e-01
1.150000000000000000e+01 7.343821757990318666e-01 -1.043387948698633327e-01
1.250000000000000000e+01 7.128497662267916368e-01 -9.870752683510904124e-02
1.350000000000000000e+01 7.170109528916319697e-01 -6.165844887230029214e-02
1.450000000000000000e+01 1.046738525302715050e+00 -1.620903416645100570e-01
1.550000000000000000e+01 1.518602546093759553e+00 -1.573760838965931330e-01
1.650000000000000000e+01 1.667025620058122382e+00 -1.946476232771760240e-01
1.750000000000000000e+01 2.054014419263148206e+00 -2.613157662823932248e-01
1.850000000000000000e+01 2.082207902923368437e+00 -2.906404605448103529e-01
1.950000000000000000e+01 2.014076951864749443e+00 -2.418427064342851263e-01
2.050000000000000000e+01 3.928388409522138858e+00 -2.720413180635521400e-01
2.150000000000000000e+01 4.083966179619853420e+00 -5.331680485550498449e-01
2.250000000000000000e+01 4.295064741748134907e+00 -5.331680485550498449e-01
2.350000000000000000e+01 4.793450230933775202e+00 -5.331680485550498449e-01
2.450000000000000000e+01 7.139681072527323202e+00 nan
