3.910000000000000000e+02 0.000000000000000000e+00 0.000000000000000000e+00
3.920000000000000000e+02 8.916371884535413683e-02 1.992657351250868777e-02
3.930000000000000000e+02 2.804525693300569666e-01 3.319780748926838554e-02
3.940000000000000000e+02 4.052061674722544637e-01 3.616693172949343033e-02
3.950000000000000000e+02 5.775389517457403254e-01 4.132802631025213336e-02
3.960000000000000000e+02 7.765236410768773245e-01 2.382450662561893737e-02
3.970000000000000000e+02 8.153268706288985257e-01 2.311663485588723310e-02
3.980000000000000000e+02 8.012853401020710864e-01 2.578037269049649957e-02
3.990000000000000000e+02 7.598628250479302348e-01 3.615682519281688406e-02
4.000000000000000000e+02 8.408446520670752600e-01 1.923677585613121910e-02
4.010000000000000000e+02 8.039586314908324649e-01 2.044076119350421786e-02
4.020000000000000000e+02 7.051818648232657250e-01 2.342588849823951450e-02
4.030000000000000000e+02 4.952879863905165769e-01 5.237285664125711920e-02
4.040000000000000000e+02 2.156455053600842553e-01 1.863841526336430451e-02
4.050000000000000000e+02 1.583992655199416844e-01 1.938300947550897907e-02
4.060000000000000000e+02 3.857370453379418418e-01 3.733875841771162885e-02
4.070000000000000000e+02 3.606783139362190749e-01 4.964415305519829374e-02
4.080000000000000000e+02 4.496530121783274270e-01 3.111965546310484221e-02
4.090000000000000000e+02 5.612561769232846665e-01 2.891713592664525712e-02
4.100000000000000000e+02 6.040018362001458030e-01 3.055978478978842172e-02
4.110000000000000000e+02 5.791051224583479984e-01 3.221514483327103662e-02
4.120000000000000000e+02 5.957119326006534710e-01 3.227287634724375354e-02
4.130000000000000000e+02 4.680960224664488245e-01 3.578170093102312627e-02
4.140000000000000000e+02 2.789134015607701023e-01 3.489628680015208900e-02
4.150000000000000000e+02 2.107849755623363019e-01 3.100427441413236909e-02
4.160000000000000000e+02 1.021251316393486930e-01 1.995643625508306332e-02
4.170000000000000000e+02 8.216995652526125349e-02 1.770479537119485844e-02
4.180000000000000000e+02 3.067534361245375860e-02 6.073299956365164898e-03
4.190000000000000000e+02 7.182782923338643793e-03 1.680597123800160481e-03
4.200000000000000000e+02 1.906407798450030985e-02 3.862727114391290972e-03
4.210000000000000000e+02 3.267356141819457993e-02 5.401476626683252708e-03
4.220000000000000000e+02 2.716496098074690224e-02 4.819517873771601672e-03
4.230000000000000000e+02 1.736289255528852479e-02 2.820601707051576847e-03
4.240000000000000000e+02 2.700294332082197029e-04 2.234448951050944530e-04
4.250000000000000000e+02 3.334863500121513363e-02 9.468467452358873826e-03
4.260000000000000000e+02 4.601301541868063616e-02 1.043745787263694776e-02
4.270000000000000000e+02 1.850241676342721242e-01 2.091947634590887034e-02
4.280000000000000000e+02 2.629276591148435038e-01 5.371264920975069718e-02
4.290000000000000000e+02 2.887694758728701627e-01 5.474416689845061634e-02
4.300000000000000000e+02 3.502011719277401403e-01 5.146569463037325987e-02
4.310000000000000000e+02 4.112278238327977675e-01 3.893208152650227266e-02
4.320000000000000000e+02 4.498690357248940064e-01 3.578346915786683596e-02
4.330000000000000000e+02 5.363324602381659423e-01 2.624881574164032380e-02
4.340000000000000000e+02 5.521021791375260168e-01 2.792707275525582039e-02
4.350000000000000000e+02 5.823994815434881955e-01 2.465199136155369133e-02
4.360000000000000000e+02 5.145140820349417554e-01 2.338803430815147508e-02
4.370000000000000000e+02 3.292468879107822710e-01 2.241856495284539827e-02
4.380000000000000000e+02 1.674452515324170443e-01 1.813154463134130853e-02
4.390000000000000000e+02 6.985661437096643556e-02 1.277982568091300640e-02
4.400000000000000000e+02 1.798936084033159744e-01 1.599951839510912674e-02
4.410000000000000000e+02 2.519914670699106019e-01 1.803318881306244931e-02
4.420000000000000000e+02 2.523155023897604710e-01 1.899066491184808053e-02
4.430000000000000000e+02 1.765182404882132128e-01 1.862471160239355036e-02
4.440000000000000000e+02 1.435476466934896000e-01 1.577686800688670246e-02
4.450000000000000000e+02 6.691329354899684667e-02 8.526096724407379937e-03
4.460000000000000000e+02 0.000000000000000000e+00 0.000000000000000000e+00
