3.910000000000000000e+02 0.000000000000000000e+00 0.000000000000000000e+00
3.920000000000000000e+02 1.196758386732001550e-01 2.119607555349535544e-02
3.930000000000000000e+02 2.278081417263475295e-01 2.784593970800355867e-02
3.940000000000000000e+02 2.704485488126648907e-01 3.075169407519501644e-02
3.950000000000000000e+02 3.215699208443271728e-01 3.042571738191464717e-02
3.960000000000000000e+02 5.232284206558612816e-01 4.288871718985851067e-02
3.970000000000000000e+02 5.809932152280437023e-01 4.048732568512158209e-02
3.980000000000000000e+02 5.808047493403694084e-01 4.157294953849827862e-02
3.990000000000000000e+02 6.240576705616283082e-01 5.619849713188938140e-02
4.000000000000000000e+02 6.196287222012816231e-01 5.669917787963676958e-02
4.010000000000000000e+02 5.991330569166980480e-01 4.245741947825566048e-02
4.020000000000000000e+02 5.110252544289483057e-01 3.737741839995415566e-02
4.030000000000000000e+02 4.046362608367885527e-01 3.887048107119021184e-02
4.040000000000000000e+02 2.546645307199396635e-01 4.185220485373749438e-02
4.050000000000000000e+02 2.060403316999623036e-01 3.877244789433272748e-02
4.060000000000000000e+02 3.400866943083302174e-01 3.489677886221603798e-02
4.070000000000000000e+02 2.734640030154542045e-01 2.952553012179289990e-02
4.080000000000000000e+02 3.157745947983415236e-01 3.042209182763869549e-02
4.090000000000000000e+02 3.874858650584244169e-01 3.415087439107407363e-02
4.100000000000000000e+02 4.031756502073124970e-01 3.428790128223087319e-02
4.110000000000000000e+02 3.848944591029023754e-01 3.380917959074808410e-02
4.120000000000000000e+02 3.496042216358838939e-01 3.296728382873057722e-02
4.130000000000000000e+02 2.490576705616283359e-01 2.782713696462324818e-02
4.140000000000000000e+02 1.157651715039577783e-01 1.830581285950918721e-02
4.150000000000000000e+02 9.145307199396909836e-02 2.444600876194234426e-02
4.160000000000000000e+02 7.477384093479080840e-02 1.832432228710497227e-02
4.170000000000000000e+02 6.233509234828495810e-02 1.693505281434462204e-02
4.180000000000000000e+02 3.533735393893705501e-02 6.394998363242264221e-03
4.190000000000000000e+02 1.031850735016962006e-02 9.273324271372910361e-04
4.200000000000000000e+02 2.501884658876743148e-02 1.665616697365409748e-03
4.210000000000000000e+02 3.340557859027516036e-02 1.828748522291479429e-03
4.220000000000000000e+02 2.464191481341877071e-02 1.466390170966683226e-03
4.230000000000000000e+02 1.512438748586505781e-02 9.230621541647863982e-04
4.240000000000000000e+02 2.450056539766302336e-03 1.225082172343081597e-03
4.250000000000000000e+02 7.345457972107048705e-02 2.112038826668157648e-02
4.260000000000000000e+02 8.476253298153034466e-02 2.361478659940650579e-02
4.270000000000000000e+02 1.693837165473049411e-01 2.464308842005696193e-02
4.280000000000000000e+02 1.796551074255559877e-01 2.518762537768847939e-02
4.290000000000000000e+02 1.572747832642291677e-01 1.591702901664043129e-02
4.300000000000000000e+02 2.642762909913305425e-01 2.130905052975197098e-02
4.310000000000000000e+02 3.832453825857519703e-01 2.211930820157401167e-02
4.320000000000000000e+02 4.397851488880512583e-01 2.465093973089381441e-02
4.330000000000000000e+02 5.507444402563136387e-01 3.257184839218749128e-02
4.340000000000000000e+02 5.729362985299660815e-01 3.149842632320846991e-02
4.350000000000000000e+02 5.193648699585374784e-01 3.004781996864711729e-02
4.360000000000000000e+02 4.269694685261967715e-01 2.751683689339960368e-02
4.370000000000000000e+02 2.407651715039577922e-01 2.496546571025749089e-02
4.380000000000000000e+02 9.366754617414248252e-02 9.739647527111710765e-03
4.390000000000000000e+02 4.480776479457218575e-02 4.841775107017417049e-03
4.400000000000000000e+02 1.561439879381831819e-01 1.560242146602107242e-02
4.410000000000000000e+02 2.124952883528081482e-01 1.857585703206265926e-02
4.420000000000000000e+02 2.136732001507727075e-01 1.853630133730551147e-02
4.430000000000000000e+02 1.840369393139841825e-01 1.819632028257555517e-02
4.440000000000000000e+02 1.367791179796456758e-01 1.506863170434551841e-02
4.450000000000000000e+02 6.035620052770448302e-02 8.762265787382018944e-03
4.460000000000000000e+02 0.000000000000000000e+00 0.000000000000000000e+00
