3.910000000000000000e+02 0.000000000000000000e+00 0.000000000000000000e+00
3.920000000000000000e+02 1.152067249353709855e-01 1.172780640654987744e-02
3.930000000000000000e+02 1.785871304714840846e-01 1.053722688664199963e-02
3.940000000000000000e+02 3.187661572551571121e-01 2.205856272102661025e-02
3.950000000000000000e+02 5.879570195030160429e-01 3.726950365288306949e-02
3.960000000000000000e+02 8.130946309551025930e-01 3.237546671515775798e-02
3.970000000000000000e+02 8.686140372474192572e-01 2.678148688961468418e-02
3.980000000000000000e+02 8.790426111882946314e-01 2.808793225901039248e-02
3.990000000000000000e+02 8.825774229287938200e-01 2.510053118611582645e-02
4.000000000000000000e+02 8.706364419745704630e-01 2.193060931489260526e-02
4.010000000000000000e+02 8.566378840370715286e-01 1.741249728960800325e-02
4.020000000000000000e+02 7.277843237254453257e-01 2.537121168157642492e-02
4.030000000000000000e+02 6.179237817209785044e-01 2.389042782234346296e-02
4.040000000000000000e+02 3.102720574011220145e-01 2.721332841048878376e-02
4.050000000000000000e+02 2.447285581133601950e-01 2.300944187745080846e-02
4.060000000000000000e+02 4.276242899600795067e-01 1.397900328262579803e-02
4.070000000000000000e+02 3.613597594217681230e-01 2.769556385727897987e-02
4.080000000000000000e+02 4.177584721171939686e-01 3.538472346851157663e-02
4.090000000000000000e+02 6.487170919578636452e-01 2.909483333768820429e-02
4.100000000000000000e+02 6.839245203383571559e-01 2.676013149876976110e-02
4.110000000000000000e+02 6.700138930411690952e-01 2.413504846966206888e-02
4.120000000000000000e+02 6.072665881152946588e-01 3.278940115440303477e-02
4.130000000000000000e+02 5.018377503824983377e-01 3.388547934579713011e-02
4.140000000000000000e+02 3.135079049645639326e-01 4.894071710771039085e-02
4.150000000000000000e+02 2.018184056416298944e-01 2.145633099921365194e-02
4.160000000000000000e+02 9.772611364155953106e-02 1.254356919760853985e-02
4.170000000000000000e+02 5.064804881909150402e-02 1.088001349064828677e-02
4.180000000000000000e+02 2.639677822133900884e-02 8.854482649647299822e-03
4.190000000000000000e+02 5.557216467650317147e-03 1.008421192761201979e-03
4.200000000000000000e+02 1.725199162900304187e-02 2.534406317424482864e-03
4.210000000000000000e+02 2.782125459437595483e-02 2.978064549794274662e-03
4.220000000000000000e+02 2.374127288394914034e-02 2.760722265772125837e-03
4.230000000000000000e+02 1.464924467579972918e-02 2.363659812620341836e-03
4.240000000000000000e+02 0.000000000000000000e+00 0.000000000000000000e+00
4.250000000000000000e+02 3.559432319786152987e-02 6.690935506646670215e-03
4.260000000000000000e+02 4.278704957529500669e-02 7.479047439484859047e-03
4.270000000000000000e+02 1.306473453739690205e-01 2.081237229920744614e-02
4.280000000000000000e+02 1.430807379139334978e-01 2.227569922597598742e-02
4.290000000000000000e+02 1.406890244974763893e-01 2.365127809535241474e-02
4.300000000000000000e+02 1.952236076183106739e-01 2.079333498924445037e-02
4.310000000000000000e+02 3.413995040711886308e-01 3.154602462253357220e-02
4.320000000000000000e+02 4.222781070291753980e-01 2.892820482626127371e-02
4.330000000000000000e+02 6.779276506691521709e-01 5.031420377455041865e-02
4.340000000000000000e+02 7.365070432442889503e-01 4.814522996128502152e-02
4.350000000000000000e+02 7.003499639484375150e-01 3.624397613091627501e-02
4.360000000000000000e+02 5.913687283470798750e-01 5.239464183824284887e-02
4.370000000000000000e+02 3.677962822925276432e-01 3.567111317484858435e-02
4.380000000000000000e+02 1.693719993668993951e-01 2.351780633773686499e-02
4.390000000000000000e+02 4.542496878462268933e-02 1.157366828626549791e-02
4.400000000000000000e+02 1.802753987654538148e-01 3.238114756214271334e-02
4.410000000000000000e+02 2.843852768935863362e-01 2.967977201663011058e-02
4.420000000000000000e+02 2.795666778045477474e-01 2.962510253562440632e-02
4.430000000000000000e+02 1.892091518210435586e-01 1.825491719902586074e-02
4.440000000000000000e+02 1.358352531523134565e-01 1.572744399530243836e-02
4.450000000000000000e+02 3.559432319786152987e-02 7.397629480991320741e-03
4.460000000000000000e+02 0.000000000000000000e+00 0.000000000000000000e+00
