3.910000000000000000e+02 0.000000000000000000e+00 0.000000000000000000e+00
3.920000000000000000e+02 4.731905361892762424e-02 9.309233892579232839e-03
3.930000000000000000e+02 1.376697466050678942e-01 1.446062325239717145e-02
3.940000000000000000e+02 1.863887722245555212e-01 2.000733838712179941e-02
3.950000000000000000e+02 3.024464510709785614e-01 2.095639487270896384e-02
3.960000000000000000e+02 6.458945821083578176e-01 2.796852736993843055e-02
3.970000000000000000e+02 6.870012599748005488e-01 2.644173747902866384e-02
3.980000000000000000e+02 6.949986000279994025e-01 2.658501415540225760e-02
3.990000000000000000e+02 6.889262214755704772e-01 2.333335723981721718e-02
4.000000000000000000e+02 6.878412431751365075e-01 1.502280285229241376e-02
4.010000000000000000e+02 6.631142377152456913e-01 1.563923716115991555e-02
4.020000000000000000e+02 6.365672686546268721e-01 2.117107287674268451e-02
4.030000000000000000e+02 5.312893742125157637e-01 2.142225776287104422e-02
4.040000000000000000e+02 1.726165476690466327e-01 1.164458506605163188e-02
4.050000000000000000e+02 9.283564328713425629e-02 1.606514180658054000e-02
4.060000000000000000e+02 1.764314713705725790e-01 2.122880639198151259e-02
4.070000000000000000e+02 1.861962760744785006e-01 2.081105217640173005e-02
4.080000000000000000e+02 2.322903541929161320e-01 2.203307586824566552e-02
4.090000000000000000e+02 3.001364972700545919e-01 2.258094314209777714e-02
4.100000000000000000e+02 3.190361192776144383e-01 2.621788341840023545e-02
4.110000000000000000e+02 2.997340053198935816e-01 2.524495923598379585e-02
4.120000000000000000e+02 3.251084978300434192e-01 1.840953613382573933e-02
4.130000000000000000e+02 2.525724485510290052e-01 1.629935641144000802e-02
4.140000000000000000e+02 1.562718745625087391e-01 2.087676716223029263e-02
4.150000000000000000e+02 6.963110737785244142e-02 8.845787807620634352e-03
4.160000000000000000e+02 4.084418311633767479e-02 6.874765030072343616e-03
4.170000000000000000e+02 2.505949881002380100e-02 6.662762737011289696e-03
4.180000000000000000e+02 1.590718185636287238e-02 5.288392293197867293e-03
4.190000000000000000e+02 1.837463250734985148e-02 1.131452198944325575e-02
4.200000000000000000e+02 7.260604787904241519e-02 1.534576708082505299e-02
4.210000000000000000e+02 8.060338793224135212e-02 1.520638335786996323e-02
4.220000000000000000e+02 6.928111437771244940e-02 1.196518579186235318e-02
4.230000000000000000e+02 9.082318353632927443e-03 1.587312905001758657e-03
4.240000000000000000e+02 0.000000000000000000e+00 0.000000000000000000e+00
4.250000000000000000e+02 1.031954360912781810e-01 1.048801741454666835e-02
4.260000000000000000e+02 1.416946661066778579e-01 1.329773373463024114e-02
4.270000000000000000e+02 1.826613467730645313e-01 1.531464082485864582e-02
4.280000000000000000e+02 1.860912781744365196e-01 1.537588962616364026e-02
4.290000000000000000e+02 1.876137477250454932e-01 1.676248298041619830e-02
4.300000000000000000e+02 2.007209855802883913e-01 1.849688054856423250e-02
4.310000000000000000e+02 2.278629427411451858e-01 2.631590191226352085e-02
4.320000000000000000e+02 3.014314713705725790e-01 6.031651619324374103e-02
4.330000000000000000e+02 4.159316813663726520e-01 5.898059016125600101e-02
4.340000000000000000e+02 4.994400111997759906e-01 6.223331819367177581e-02
4.350000000000000000e+02 4.320138597228055377e-01 3.278507693210780394e-02
4.360000000000000000e+02 3.498180036399272108e-01 2.945968371505009592e-02
4.370000000000000000e+02 1.708140837183256266e-01 2.379596229516005301e-02
4.380000000000000000e+02 6.103877922441550835e-02 1.400524839084097556e-02
4.390000000000000000e+02 5.232395352092958363e-02 9.430990190566090892e-03
4.400000000000000000e+02 1.082353352932941409e-01 1.182369032791353095e-02
4.410000000000000000e+02 1.714265714685706266e-01 2.030759669690613070e-02
4.420000000000000000e+02 1.710590788184236377e-01 1.618905026144804721e-02
4.430000000000000000e+02 1.328923421531569282e-01 1.886104839268017835e-02
4.440000000000000000e+02 1.078503429931401414e-01 1.354750192680915372e-02
4.450000000000000000e+02 3.331933361332773541e-02 5.102097341591714866e-03
4.460000000000000000e+02 0.000000000000000000e+00 0.000000000000000000e+00
