5.000000000000000000e-01 5.607252744038557779e-01 -9.031621000805971355e-02
1.500000000000000000e+00 7.164244642358954529e-01 -3.096111440143371751e-02
2.500000000000000000e+00 1.033724665169998058e+00 -8.173686715705960615e-02
3.500000000000000000e+00 8.895210367271100260e-01 -1.357534096454292571e-01
4.500000000000000000e+00 7.276395896304168609e-01 -1.043392572577359068e-01
5.500000000000000000e+00 0.000000000000000000e+00 -2.027083378940350011e-01
6.500000000000000000e+00 5.928234714239393188e-01 -1.663954886435848046e-01
7.500000000000000000e+00 7.167465884243708896e-01 -1.460081311481216670e-01
8.500000000000000000e+00 6.238468764193982885e-01 -1.345974918185863234e-01
9.500000000000000000e+00 4.099958803591989831e-01 -2.107798619115934802e-01
1.050000000000000000e+01 1.004302219973244759e+00 -1.556250728109817294e-01
1.150000000000000000e+01 1.138359203001644060e+00 -1.260271827787839138e-01
1.250000000000000000e+01 1.298617657300616512e+00 -1.054869850151857469e-01
1.350000000000000000e+01 1.235002805637612555e+00 -2.654580306646125432e-01
1.450000000000000000e+01 1.496618925943306033e+00 -2.821248698874753158e-01
1.550000000000000000e+01 2.029507026675247516e+00 -2.430106998295391285e-01
1.650000000000000000e+01 2.236491106262414874e+00 -2.648311334986744314e-01
1.750000000000000000e+01 2.823032166099880946e+00 -2.808620830191894124e-01
1.850000000000000000e+01 3.144102853890125004e+00 -2.523412879726445457e-01
1.950000000000000000e+01 3.743818621561386450e+00 -4.483097193988015428e-01
2.050000000000000000e+01 3.770249168607792356e+00 -3.785688211270161196e-01
2.150000000000000000e+01 4.648205899464461943e+00 -5.331680485550498449e-01
2.250000000000000000e+01 4.948235398699748266e+00 -5.331680485550497339e-01
2.350000000000000000e+01 5.581240077604264549e+00 -5.331680485550497339e-01
2.450000000000000000e+01 7.320511933551005157e+00 nan
